0 0.022299 0.334154 0.013498 0.074887
0 0.040381 0.454591 0.006888 0.049419
0 0.120723 0.612903 0.129358 0.218817
0 0.101336 0.406183 0.073965 0.155376
0 0.198843 0.304435 0.073803 0.142204
0 0.352273 0.672368 0.264354 0.194737
0 0.616043 0.661029 0.259537 0.167353
0 0.424716 0.460807 0.085227 0.076302
0 0.401016 0.280539 0.245328 0.122754
0 0.465054 0.158602 0.060117 0.069355
0 0.301988 0.399563 0.043714 0.049756
0 0.622673 0.344197 0.042732 0.074668
0 0.680567 0.537003 0.073765 0.028135
0 0.150293 0.334140 0.010916 0.019892
0 0.658028 0.157895 0.040404 0.052632
0 0.534722 0.510938 0.016414 0.053646
