0 0.831028 0.495788 0.021410 0.088859
0 0.695899 0.483967 0.055830 0.087500
0 0.831168 0.280151 0.017603 0.009825
0 0.714784 0.320833 0.052709 0.042273
0 0.672271 0.157822 0.004652 0.015205
0 0.716382 0.145470 0.014055 0.032567
0 0.590476 0.300893 0.016450 0.034643
0 0.636823 0.313939 0.005693 0.021515
0 0.282590 0.370013 0.102419 0.145359
0 0.185315 0.555577 0.086247 0.222692
0 0.256609 0.648936 0.031270 0.131915
0 0.431746 0.262141 0.002614 0.012141
0 0.324327 0.267832 0.041322 0.047552
0 0.059955 0.473782 0.036899 0.056050
0 0.052693 0.363694 0.040147 0.036943
0 0.115751 0.418023 0.032065 0.055814
0 0.784475 0.334359 0.036253 0.022463
0 0.453215 0.226189 0.002365 0.010549
0 0.762357 0.484930 0.012317 0.082847
